
201004294
201007159
201007176
201007179
201007185
201007203
201007205
201008501
201008539
201009259
201009407
201010640
201010641
201010663
201010664
201010901
201011012
201011725
201011863
201012027
201012099
201012128
210017618
210017839
210021803
211000646
211001904
211007206
212001131
212001932
212003416
212003585
212003586
212006017
220018384
220035611
225000485
230002008
230002016
230002091
230003343
230003480
230003486
230003698
230006082
230006197
230006252
240001626
250006150
250014544
250014545
270000403
270000996
270001054
270001081
270001085
270001097
270001101
270001104
270001106
270001108
270001110
270001111
270001113
270001118
270001119
270001120
270001121
270001132
270001134
270001137
270001141
270001144
270001145
270001156
270001157
270001160
270001169
270001170
270001173
270001174
270001178
270001179
270001180
270001183
270001188
270001194
270001198
270001226
270001230
270001233
270001234
270001236
270001240
270001245
270001274
270001284
270001288
270001293
270001296
270001298
270001300
270001301
270001302
270001305
270001307
270001308
270001310
270001312
270001313
270001315
270001321
270001324
270001325
270001327
270001335
270001337
270001338
270001340
270001343
270001347
270001352
270001353
270001354
270001356
270001358
270001380
270001384
270001387
270001389
270001391
270001395
270001425
270001433
270001434
270001436
270001438
270001439
270001443
270001444
270001445
270001450
270001463
270001467
270001472
270001474
270001476
270001481
270001495
270001498
270001499
270001507
270001508
270001509
270001516
270001521
270001528
270001531
270001532
270001533
270001540
270001545
270001549
270001556
270001563
270001565
270001573
270001582
270001584
270001585
270001590
270001594
270001601
270001605
270001607
270001608
270001609
270001611
270001614
270001616
270001640
270001642
270001643
270001644
270001648
270001649
270001655
270001669
270001672
270001688
270001693
270001694
270001698
270001702
270001704
270001750
270001762
270001771
270001772
270001774
270001779
270001784
270001790
270001791
270001798
270001804
270001837
270001846
270001886
270001888
270001893
270001904
270001905
270001916
270001933
270001982
270001994
270002058
270002074
270002107
270002141
270002254
270002403
270002405
270002409
270002420
270002422
270002555
270002581
270002631
280000042
280000044
280000049
280000052
280000066
280000072
280000082
280000097
280000098
280000105
280000115
280000120
280000128
280000145
280000151
280000170
280000174
280000176
280000182
280000185
280000191
280000194
280000197
280000201
280000203
280000207
280000225
280000227
280000229
280000235
280000265
280000271
280000273
280000275
280000277
280000282
280000285
280000307
280000315
280000318
280000323
280000328
280000336
280000340
280000344
280000353
280000357
280000359
280000364
280000367
280000370
280000386
280000388
280000397
280000399
280000406
280000409
280000415
280000417
280000421
280000434
280000446
280000449
280000457
280000464
280000469
280000479
280000481
280000483
280000487
280000491
280000495
280000499
280000503
280000507
280000509
280000513
280000521
280000528
280000532
280000534
280000536
280000540
280000550
280000555
280000560
280000563
280000570
280000582
280000585
280000591
280000602
280000605
280000613
280000619
280000632
280000635
280000637
280000647
280000668
280000686
280000691
280000693
280000705
280000710
280000719
280000725
280000734
280000749
280000761
280000774
280000792
280000804
280000821
280000827
280001120
280001363
280001882
280001908
280002223
280002272
280002274
280002300
280002304
280002305
280002306
280002307
290002098
290002099
300040148
300512504
300512505
300512506
300512507
300512508
300512523
300512525
300512942
300512943
300512948
301001610
301010413
303005255
450002217
450005239
450009040
450009043
450009056
450009171
450009491
450009495
450009522
450009613
450009616
450010011
450010177
450010209
450010309
450010314
450010833
450010859
450010896
450011527
450012765
450013534
450014875
450014876
450014941
450014953
450014961
450015069
450015204
450017120
450018982
450019027
450025849
450026470
450026471
450026472
450027684
450035662
450035703
450035723
450035724
450035856
450035880
450035889
450035890
450035891
450035892
450036069
450055708
450057284
450058229
450058331
450058587
450060873
450066156
450100551
450100640
450100641
450203920
450203947
450300596
450301294
450301985
451012166
451015435
451022083
451024741
451026726
451026737
451500001
451501215
451501355
451501394
451501401
451501430
451501464
451501466
451501482
451501495
451501500
451501503
451501511
451501514
451501529
451501534
451501539
451501542
451501547
451501639
451501651
451501660
451501670
451501682
451501811
451501815
451501826
451501848
451501855
451501857
451501931
451501934
451501937
451501939
451501953
451501967
451501970
451501977
451501984
451502013
451502020
451502054
451502077
451502081
451502083
451502094
451502098
451502125
451502139
451502182
451506119
451506151
451506597
451506615
451508391
451511576
451511578
451511582
451511594
451511598
451511608
451511612
451511624
451511627
451511630
451511635
451511642
451511646
451511647
451511662
451511684
451511726
451511728
451511759
451511765
451511772
451511776
452000029
452000608
452000613
452000770
452000771
452000772
452001073
452001990
452002360
452003465
452003526
452003751
452004121
452004251
452004264
452004385
452004918
452005743
452006351
452008081
452009452
452011674
452015396
452017067
452017451
452017479
452019155
452019758
452023867
452023893
452028068
452028073
452028075
452028079
452028148
452500013
452500238
452500316
452502297
452502336
452502369
452502399
452502402
452502411
452502414
452502415
452502422
452502436
452503689
452503692
452503697
452503708
452503713
452503718
452503738
452503748
452503752
452504176
452505017
452505171
452507074
452507080
452507426
452508050
452508776
452508783
452509053
452509893
452511050
452511305
452511309
452511368
452511637
452514594
452515248
452516567
452517011
452517461
452517462
452517841
452517860
452518026
452518053
452518961
452518975
452519594
452519603
452521024
452521069
452521161
452521569
452521621
452521666
452524193
452524237
452524252
453001728
453003160
453004631
453004721
453500034
453500395
453500408
453500657
453501115
455003077
455007310
455010190
455011156
455013584
455013963
455020774
455022082
455026152
455026264
455040179
456002908
456003674
456008443
456015380
456015382
456015390
464000010
469010000
469157900
469390800
469412900
500027605
500052761
530001401
530001438
530001448
530001477
530001479
530001739
530002178
530002247
530003770
530004446
550018588
550019116
550033004
550033005
550245864
550269001
550401712
550504280
550508896
570001046
600243028
605000638
605001266
605002153
605002179
605201286
605201350
605201735
605201739
610020015
700001481
700001931
701001519
701001994
701002078
701002242
701002258
701002658
701002660
702002341
703002003
703002006
703004386
704003774
705001089
705001410
706000015
706000021
706000023
706000025
706000041
706000048
706001176
850004059
850004060
850007065
850007081
850007135
850007218
850007336
850007447
850007449
850007548
850007552
850007629
850008130
850008448
850008453
850008677
850008725
850008750
850008766
850009084
850009222
850009225
850009710
850009863
850012179
850027256
850032343
850032591
850035315
850035430
850612675
850616091
850621319
850621919
850626513
850628377
850628663
850628670
850628851
850629848
850631198
850637006
850637007
850637304
850638719
850639254
850639594
850639921
850648966
850649917
850649928
850659645
850660074
850665449
850678102
850679079
850680914
850681024
850681027
850686630
850689246
850689356
850689358
850691896
850692575
850694693
850700165
850705264
850708297
850709161
850711984
850729697
850729717
850729910
850733945
850734087
850734728
850735280
850735282
850736507
850736653
850736917
850737066
850737178
850737202
850737208
850737210
850737347
850737441
850737495
850737852
850737882
850738462
850740767
850740890
850741652
850741722
850741919
850743271
850743454
850744139
850744764
850744952
850745141
850749309
850750912
850795112
850799574
850801661
850814798
850814895
850815657
850816330
851000931
851001343
851001671
851003168
851003172
852015699
852017037
852029178
852032326
852036540
853000214
853000777
853000813
853001956
854004747
854004748
854004951
854005379