211007147
290001513
290001800
402002549
402002550
402002551
402002553
402002554
402002555
402002558
402002568
402002893
402002894
402002895
402002903
402002906
402002910
402002910
402002911
402002911
402002912
402002913
402002914
402002914
402002914
402002915
402002917
402002917
402002918
402002918
402002918
402002920
402002920
402002920
402002921
402002921
402002921
402002924
402002924
402002924
402002926
402002937
402002938
402002939
402002943
402002952
402002959
402002960
402002963
402002969
402002970
402002970
402002971
402002973
402002974
402002974
402002976
402002976
402002976
402002978
402002979
402002980
402002980
402002980
402002982
402002983
402002984
402002985
402002986
402002986
402002987
402002987
402002988
402002989
402002989
402002990
402002990
402002991
402002992
402002993
402003013
402003014
402003015
402003015
402003015
402003016
402003016
402003016
402003016
402003016
402003016
402003024
402003025
402003026
402003030
402003033
402003034
402003034
402003034
402003035
402003036
402003037
402003038
402003038
402003038
402003039
402003040
402003040
402003040
402003041
402003041
402003041
402003041
402003042
402003042
402003042
402003043
402003044
402003045
402003046
402003046
402003047
402003047
402003048
402003048
402003048
402003049
402003049
402003051
402003052
402003053
402003054
402003054
402003057
402003057
402003057
402003058
402003059
402003069
402003146
402003160
402003161
402003161
402003162
402003163
402003164
402003164
402003170
402003178
402003178
402003180
402003180
402003194
402003203
402003218
402003225
402003232
402003239
402003246
402003246
402003253
402003253
402003253
402003254
402003269
402003269
402003269
402003278
402003279
402003282
402003283
402003284
402003285
402003287
402003288
402003289
402003289
402003289
402003289
402003289
402003289
402003293
402003293
402003293
402003293
402003293
402003297
402003298
402003299
402003302
402003303
402003324
402003345
402003351
402003352
402003353
402003431
402003432
402003479
402003479
402003481
402003481
402003481
402003481
402003481
402003481
402003505
402003525
402003707
402003708
402003715
402003727
402003727
402003729
402003742
402003755
402003768
402003781
402003794
402003807
402003916
402003927
402004022
402004023
402004024
402004025
402004026
402004027
402004028
402004029
402004030
402004031
402004032
402004033
402004034
402004035
402004036
402004037
402004038
402004039
402004040
402004041
402004042
402004043
402004044
402004045
402004046
402004047
402004048
402004049
402004049
402004051
402004053
402004053
402004054
402004055
402004055
402004055
402004056
402004056
402004056
402004057
402004057
402004061
402004062
402004063
402004063
402004064
402004064
402004065
402004065
402004066
402004066
402004067
402004067
402004068
402004068
402004069
402004069
402004070
402004070
402004071
402004071
402004072
402004072
402004073
402004074
402004085
402004086
402004087
402004088
402004089
402004090
402004095
402004096
402004098
402004100
402004102
402004103
402004104
402004105
402004106
402004107
402004108
402004109
402004110
402004111
402004112
402004117
402004137
402004138
402004142
402004142
402004143
402004144
402004157
402004212
402004212
402004221
402004222
402004223
402004224
402004225
402004226
402004227
402004229
402004230
402004231
402004232
402004233
402004234
402004235
402004236
402004237
402004238
402004264
402004921
402005059
402005235
402005371
402005372
402005373
402005374
402005375
402005376
402005377
402005378
402005379
402005380
402005382
402005384
402005385
402005386
402005387
402005388
402005396
402005410
402005415
402005880
402005885
402005919
402006009
402006010
402006019
402006020
402006054
402006057
402006058
402006059
402006060
402006061
402006062
402006067
402006108
402006111
402006114
402006164
402006164
402006164
402006164
402006165
402006170
402006175
402006177
402006181
402006183
402006189
402006195
402006196
402006198
402006199
402006203
402006212
402006216
402006217
402006221
402006221
402006226
402006315
402006350
402006399
402006400
402006401
402006405
402006410
402006413
402006429
402006469
402006473
402006474
402006475
402006476
402006477
402006525
402006527
402006535
402006543
402006553
402006554
402006555
402006557
402006572
402006574
402006576
402006610
402006617
402006621
402006630
402006633
402006743
402006751
402006755
402006767
402006778
402006837
402006843
402006844
402006845
402006849
402006850
402006853
402006856
402006858
402006859
402006877
402006910
402006917
402006959
402007059
402007060
402007061
402007064
402007072
402007154
402008312
402008838
402008845
402008871
402008893
402008895
402008896
402008896
402008896
402008913
402008915
402008917
402008923
402008925
402008927
402008943
402008956
402008956
402009005
402009006
402009007
402009025
402009026
402009027
402009028
402009029
402009030
402009031
402009041
402009042
402009052
402009081
402009082
402009085
402009094
402009095
402009100
402009106
402009108
402009119
402009120
402009173
402009191
402009194
402009195
402009196
402009353
402009383
402009384
402009403
402009408
402009439
402009454
402013873
402013886
402013987
402014010
402014011
402014018
402014019
402014020
402014021
402014023
402014025
402014027
402014145
402014155
402014158
402014329
402014330
402014338
402014340
402014341
402014342
402014344
402014345
402014347
402014386
402014395
402014408
403005960
403005961
403006860
403006862
403007396
403007421
403007428
403007435
403007444
403007459
403007466
403007470
403007474
403007478
403007482
403007495
403007503
403007511
403007518
403007524
403007525
403007528
403007539
403007540
403007541
403007544
403007551
403007558
403007559
403007575
403007731
403007733
403007736
403007743
403007770
403007774
403007785
403007785
403007903
403007916
403007917
403007919
403007971
403007979
403007980
403008174
403008175
403008214
403008215
403008216
403008337
403008338
403008340
403008341
403008344
403008345
403008349
403008365
403008384
403008384
403008384
403008502
403008510
403008591
403008593
403008616
403008617
403008618
403008619
403008623
403008626
403008629
403008630
403008633
403008634
403008637
403008640
403008644
403008644
403008644
403008675
403008682
403008683
403008687
403008688
403008689
403008690
403008694
403008695
403008699
403008703
403008704
403008741
403008742
403008743
403008746
403008747
403008750
403008753
403008760
403008761
403008767
403008771
403008778
403008779
403008780
403008787
403008790
403008794
403008795
403008798
403008809
403008878
403008882
403008883
403008885
403008886
403008887
403008888
403008889
403008891
403008892
403008893
403008901
403008901
403008902
403008902
403008903
403008909
403008910
403008911
403008920
403008921
403008922
403008923
403008930
403008945
403008950
403008951
403008952
403008972
403008973
403008987
403008998
403008999
403008999
403008999
403009000
403009004
403009004
403009004
403009005
403009006
403009010
403009013
403009015
403009016
403009017
403009018
403009019
403009020
403009021
403009022
403009025
403009026
403009027
403009028
403009031
403009032
403009033
403009036
403009037
403009038
403009039
403009040
403009041
403009043
403009044
403009045
403009046
403009047
403009048
403009049
403009050
403009051
403009052
403009053
403009055
403009057
403009060
403009062
403009063
403009064
403009067
403009076
403009077
403009080
403009081
403009082
403009083
403009085
403009086
403009087
403009088
403009089
403009090
403009091
403009092
403009103
403009104
403009122
403009146
403009169
403009172
403009173
403009175
403009176
403009181
403009194
403009207
403009220
403009236
403009240
403009250
403009259
403009263
403009270
403009280
403009292
403009295
403009320
403009348
403009349
403009505
403009535
403009559
403009560
403009561
403009562
403009705
403009706
403009707
403009863
403009881
403009894
403009895
403010069
403010081
403010082
403010101
403010101
403010128
403010129
403010131
403010132
403010133
403010134
403010135
403010136
403010143
403010180
403010181
403010185
403010280
403010290
403010335
403010397
403010397
403010401
403010432
403010435
403010436
403010437
403010438
403010441
403010442
403010443
403010444
403010445
403010446
403010447
403010448
403010449
403010450
403010451
403010452
403010454
403010455
403010456
403010457
403010458
403010459
403010462
403010470
403010471
403010474
403010476
403010477
403010479
403010587
403010594
403010595
403010596
403010602
403010603
403010604
403010605
403010606
403010616
403010620
403010622
403010623
403010628
403010629
403010630
403010631
403010633
403010634
403010635
403010636
403010637
403010641
403010654
403010655
403010656
403010657
403010658
403010658
403010658
403010659
403010660
403010661
403010662
403010666
403010667
403010668
403010669
403010670
403010671
403010672
403010673
403010674
403010675
403010676
403010678
403010679
403010680
403010682
403010683
403010687
403010688
403010689
403010690
403010698
403010699
403010703
403010714
403010737
403010777
403010797
403010798
403010799
403010800
403010804
403010804
403010804
403010820
403010821
403010827
403010828
403010830
403010838
403010964
403010966
403010967
403010968
403010969
403010982
403011090
403011112
403011118
403011120
403011132
403011137
403011142
403011145
403011168
403011243
403011516
403011525
403011536
403011537
403011538
403011952
403011953
403012024
403012059
403012062
403012063
403012064
403012065
403012066
403012067
403012068
403012069
403012095
403012099
403012100
403012101
403012102
403012103
403012104
403012104
403012105
403012110
403012111
403012120
403012174
403012178
403012214
403012218
403012256
403012257
403012270
403012404
403012404
403012405
403012406
403012407
403012408
403012409
403012409
403012410
403012411
403012412
403012413
403012414
403012423
403012433
403012538
403012542
403012556
403012557
403012558
403012559
403012786
403012788
403012792
403013041
403013042
403013043
403013044
403013045
403013046
403013047
403013048
403013049
403013050
403013052
403013053
403013203
403013522
403013524
403013525
403013528
403013535
403013536
403013537
403013539
403013642
403013644
403013649
403013651
403013652
403013653
403013654
403013681
403013685
403013898
403013899
403013903
404000329
404000331
404000332
404000333
405000034
405000064
405000221
405000316
405000418
405000419
405000421
405000422
405000423
405000430
405000522
405000696
405000709
405000715
405000716
405000717
405000751
405000786
405000853
405000937
405000939
405000946
406000279
406000280
406000281
406000282
406000283
406000284
406000521
406000527
406000528
406000529
406000530
453004544
453011704
453012441
453012529
453012562
453012563
453012689
453012691
453012694
453012800
453012802
453012804
453012805
453012806
453012807
453012819
455022182
455028007
455029906
455032729
464001502
464110003
464111582
464122089
464122090
464122091
464140248
464140964
464140966
464140967
464140969
464140969
464140972
464141710
464141798
464141865
465000020
469007900
469007900
469009100
469017200
469017200
469017200
469018000
469018500
469026100
469027200
469029900
469032800
469054800
469058900
469058900
469059000
469059100
469059200
469059200
469062200
469064200
469075300
469081500
469081600
469103800
469125003
469125004
469125005
469125006
469125007
469125008
469125009
469125010
469125011
469125012
469128300
469143300
469155900
469162001
469162002
469162006
469162007
469185206
469188306
469188503
469196100
469196200
469196200
469238401
469248600
469257400
469285100
469296700
469296800
469297000
469297100
469297200
469297300
469297400
469297500
469297600
469297700
469297800
469297900
469298100
469298200
469298300
469298400
469326901
469326902
469326903
469326904
469326905
469326906
469326907
469389005
469394400
469398001
469398002
469398003
469398004
469398005
469410000
469415505
469415506
469415507
469415509
469415512
469418801
469418802
469418803
469418804
469418805
469418806
469435801
469435802
469491900
600502517
600502550
600502931
600502938
600503076
600503094
600503103
600503106
600503126
600503141
600503142
600503153
600503172
600503176
605000673
605000682
605201502
605201523
653001818
653005992
653005993
653005997
653005999
659000682
702020208
702020210
1001119147
1001119148
1001119149
1001119150
1001119151
1001119152
1001119153
1001119154
1001119155
1001119156
1001119157
1001119158
1001119159
1001119160
1001119161
1001119162
1001119163
1001119164
1001119165
1001119166
1001119167
1001119168
1001119169
1001119170
1001119171
1001119172
1001119173
1001119174
1001119175
1001119176
1001119177
1001119178
1001119179
1001119180
1001119181
1001119182
1001119183
1001119184
1001119185
1001119186
1001119187
1001119188
1001119189
1001119190
1001119191
1001119192
1001119193
1001119194
1001119195
1001119196
1001119197
1001119198
1001119199
1001119200
1001119201
1001119202
1001119203
1001119204
1001119205
1001119206
1001119207
1001119208
1001119209
1001119210
1001119211
1001119212
1001119213
1001119214
1001119215
1001119216
1001119217
1001119218
1001119219
1001119220
1001119221
1001119222
1001119223
1001119224
1001119225
1001119226
1001119227
1001119228
1001119229
1001119230
1001119231
1001119232
1001119233
1001119234
1001119235
1001119236
1001119237
1001119238
1001119239
1001119240
1001119241
1001119242
1001119243
1001119244
1001119245
1001119246
1001119247
1001119248
1001119249
1001119250
1001119251
1001119252
1001119253
1001119254
1001119255
1001119256
1001119257
1001119258
1001119259
1001119260
1001119261
1001119262
1001119263
1001119264
1001119265
1001119266
1001119267
1001119268
1001119269
1001119270
1001119271
1001119272
1001119273
1001119274
1001119275
1001119276
1001119277
1001119278
1001119279
1001119280
1001119281