1001119147
1001119148
1001119149
1001119150
1001119151
1001119152
1001119153
1001119154
1001119155
1001119156
1001119157
1001119158
1001119159
1001119160
1001119161
1001119162
1001119163
1001119164
1001119165
1001119166
1001119167
1001119168
1001119169
1001119170
1001119171
1001119172
1001119173
1001119174
1001119175
1001119176
1001119177
1001119178
1001119179
1001119180
1001119181
1001119182
1001119183
1001119184
1001119185
1001119186
1001119187
1001119188
1001119189
1001119190
1001119191
1001119192
1001119193
1001119194
1001119195
1001119196
1001119197
1001119198
1001119199
1001119200
1001119201
1001119202
1001119203
1001119204
1001119205
1001119206
1001119207
1001119208
1001119209
1001119210
1001119211
1001119212
1001119213
1001119214
1001119215
1001119216
1001119217
1001119218
1001119219
1001119220
1001119221
1001119222
1001119223
1001119224
1001119225
1001119226
1001119227
1001119228
1001119229
1001119230
1001119231
1001119232
1001119233
1001119234
1001119235
1001119236
1001119237
1001119238
1001119239
1001119240
1001119241
1001119242
1001119243
1001119244
1001119245
1001119246
1001119247
1001119248
1001119249
1001119250
1001119251
1001119252
1001119253
1001119254
1001119255
1001119256
1001119257
1001119258
1001119259
1001119260
1001119261
1001119262
1001119263
1001119264
1001119265
1001119266
1001119267
1001119268
1001119269
1001119270
1001119271
1001119272
1001119273
1001119274
1001119275
1001119276
1001119277
1001119278
1001119280
1001119279
